p cnf 300 1250
-87 -252 56 0
-159 259 77 0
-70 14 155 0
-182 165 -276 0
-87 -11 -75 0
-128 -250 -97 0
-60 -6 84 0
-38 -49 160 0
215 -163 106 0
69 132 -282 0
-168 -37 249 0
85 223 40 0
213 -161 -132 0
242 -21 239 0
163 -213 250 0
152 -260 -124 0
-76 106 86 0
105 -174 -203 0
-94 -76 229 0
139 183 -54 0
-60 -151 -112 0
-250 -221 -137 0
-269 -189 -278 0
-196 -279 296 0
-71 -101 -82 0
-299 -50 -220 0
-207 -163 215 0
-83 -289 -239 0
113 -183 -45 0
-165 56 52 0
65 136 -272 0
238 -123 137 0
-228 -119 -295 0
-203 -98 137 0
131 -42 239 0
-238 75 -54 0
-200 129 77 0
-149 225 -279 0
-189 -168 196 0
-111 36 108 0
-89 -109 -220 0
-92 205 79 0
-194 -221 -54 0
102 232 -4 0
-132 -277 53 0
11 -191 236 0
-133 286 -186 0
-69 237 -9 0
-199 -165 -5 0
213 -255 -51 0
-84 281 53 0
163 -235 22 0
21 212 138 0
159 -267 -155 0
-100 72 -253 0
154 272 -253 0
60 -245 -7 0
-143 152 190 0
-94 75 -295 0
-299 48 109 0
-195 76 127 0
-242 -123 40 0
294 188 16 0
1 -76 249 0
24 269 76 0
173 -37 -160 0
238 -256 229 0
250 -224 -230 0
-215 266 45 0
267 78 -289 0
-213 -165 -285 0
-182 62 -218 0
273 280 101 0
13 -202 10 0
-274 23 285 0
98 124 -23 0
178 -202 -285 0
-210 -98 -177 0
178 251 188 0
261 -285 68 0
-111 259 -220 0
-69 -113 177 0
154 -66 161 0
-214 -193 261 0
-207 36 -206 0
178 -292 -263 0
-152 -42 103 0
-126 -195 249 0
135 155 28 0
-152 244 262 0
176 137 -160 0
25 104 245 0
-284 223 -251 0
-116 220 93 0
65 -195 -261 0
-202 -188 278 0
159 -37 34 0
66 17 -101 0
270 -123 293 0
256 204 279 0
-290 92 -68 0
157 67 45 0
-149 146 -95 0
182 288 -162 0
-269 -167 177 0
85 268 233 0
-269 214 -173 0
-273 72 68 0
-278 257 -82 0
-217 -26 -259 0
33 224 -70 0
195 -250 118 0
200 199 54 0
-210 -217 -84 0
-62 -44 77 0
87 -113 -136 0
126 100 249 0
-147 -250 -197 0
-71 -141 51 0
283 -148 -109 0
-140 -76 64 0
-35 264 86 0
-210 -212 127 0
187 72 93 0
-36 260 -279 0
126 233 79 0
-163 -62 134 0
-89 36 -285 0
-212 258 -79 0
275 -248 -40 0
260 -9 116 0
200 -127 -188 0
271 -135 -108 0
-1 -59 120 0
-282 -115 229 0
-140 2 116 0
-216 109 180 0
202 66 -205 0
215 -292 193 0
-215 -37 58 0
-119 -78 51 0
-180 -158 -239 0
-248 274 -185 0
269 98 240 0
298 -6 -234 0
-131 33 252 0
283 247 277 0
-143 200 -93 0
104 -211 -120 0
206 -58 -82 0
-126 -128 58 0
-26 203 84 0
-261 185 -171 0
-281 161 -72 0
-206 -160 -38 0
85 218 45 0
27 -254 -230 0
275 -278 277 0
-195 223 -193 0
225 -81 -165 0
-185 108 79 0
-107 62 -82 0
-44 -205 -276 0
-128 84 -32 0
34 -125 28 0
244 186 290 0
-273 60 -171 0
-209 -11 -276 0
-59 280 259 0
-163 -147 64 0
-149 133 114 0
147 132 53 0
1 -129 -137 0
-139 151 174 0
216 -13 -34 0
-63 203 289 0
-244 137 123 0
65 21 -88 0
126 141 277 0
-297 -62 193 0
-62 -142 -127 0
-189 -180 -162 0
-225 -128 48 0
-27 -239 145 0
-76 42 -54 0
60 165 38 0
-178 290 -171 0
65 -165 180 0
248 -165 20 0
-150 108 199 0
-195 231 -263 0
-140 106 -257 0
-297 -293 -220 0
135 -68 -79 0
-268 -255 65 0
-13 -290 -38 0
64 278 -261 0
117 23 -252 0
26 37 229 0
-191 67 -172 0
63 -26 129 0
98 263 137 0
-281 -87 -280 0
-230 -17 -151 0
-146 243 -74 0
-168 105 206 0
-150 -127 -34 0
-95 272 -82 0
111 281 -9 0
-102 23 230 0
-269 -115 55 0
-117 -179 130 0
-242 -212 155 0
114 -145 -220 0
248 221 68 0
195 -246 196 0
202 -243 201 0
-41 190 34 0
131 31 -134 0
105 6 145 0
-213 144 86 0
-47 265 -296 0
89 142 -53 0
196 236 -220 0
81 -179 -68 0
-215 37 291 0
-83 -226 -193 0
-215 132 86 0
183 253 206 0
248 -95 151 0
283 -142 79 0
-274 -28 75 0
12 190 62 0
50 55 -181 0
-299 -283 61 0
-195 -251 276 0
254 -36 -56 0
-100 -54 -265 0
-73 87 -226 0
41 -267 -16 0
-268 -107 -201 0
63 64 60 0
47 -124 45 0
115 178 239 0
-299 -13 86 0
-226 -290 93 0
166 45 279 0
-152 -100 -208 0
-275 -243 295 0
269 -151 232 0
-159 -186 103 0
117 264 279 0
202 -286 -135 0
-208 -266 -134 0
242 116 -89 0
-218 102 -70 0
118 -24 -108 0
-33 -21 -221 0
250 -11 77 0
165 -17 -43 0
25 -175 -229 0
-283 237 263 0
-133 -65 100 0
-200 191 178 0
259 75 70 0
-140 152 39 0
223 129 40 0
297 -31 19 0
280 55 -256 0
-216 178 -11 0
254 -9 197 0
13 -49 -93 0
105 232 -296 0
-76 98 247 0
159 134 180 0
-126 278 -183 0
-85 -125 -115 0
-173 125 -189 0
286 -191 -227 0
51 -216 -285 0
-226 245 43 0
169 130 4 0
28 -272 39 0
168 -61 204 0
89 -249 22 0
-169 -186 54 0
51 -78 -121 0
42 -256 -90 0
297 151 174 0
-189 226 -72 0
149 -165 -180 0
-219 188 187 0
-216 -146 -124 0
87 -70 51 0
-241 210 -229 0
185 -88 276 0
-38 6 -4 0
11 264 235 0
273 274 58 0
213 46 293 0
31 211 -250 0
-100 -97 38 0
225 244 -84 0
275 -133 -124 0
-54 127 -138 0
-143 -267 -237 0
117 -166 -55 0
-225 42 252 0
156 23 81 0
-210 -225 28 0
107 -191 -247 0
64 -6 -193 0
273 -163 28 0
-288 92 -153 0
-76 233 -138 0
-85 113 -137 0
-77 84 43 0
-104 95 -264 0
237 7 23 0
-142 11 -264 0
128 -168 -79 0
163 -155 201 0
126 -21 239 0
-152 19 81 0
-149 -191 119 0
-129 -257 68 0
-35 44 205 0
-2 202 -15 0
-168 269 194 0
-113 272 26 0
-241 -82 -295 0
-292 -91 235 0
144 23 -129 0
-211 218 -230 0
182 -183 -16 0
283 211 -182 0
-47 186 174 0
161 130 -93 0
78 249 93 0
-137 -34 -32 0
80 -120 82 0
170 -6 265 0
267 -277 -43 0
81 119 -258 0
274 -203 -298 0
225 76 270 0
-52 -68 -121 0
281 -6 -34 0
111 -226 93 0
89 -36 127 0
-18 198 -56 0
-218 148 -158 0
-120 -180 109 0
62 -135 279 0
133 -280 167 0
74 -261 48 0
-96 50 82 0
-176 -141 200 0
-212 -70 68 0
262 -119 162 0
-104 170 103 0
119 6 -148 0
243 230 155 0
111 -209 -60 0
143 225 271 0
294 35 -204 0
-156 7 137 0
85 2 -258 0
230 261 -227 0
117 -166 -50 0
-243 -110 -82 0
297 -214 -223 0
248 -216 -43 0
201 197 39 0
299 288 52 0
-14 280 -110 0
59 210 -203 0
-211 169 165 0
83 -130 -160 0
-66 21 178 0
-215 121 289 0
-299 80 -237 0
-217 262 -240 0
-47 -185 102 0
74 -292 289 0
-33 -3 -155 0
298 -258 145 0
60 -240 -177 0
-202 -208 190 0
-133 -179 -153 0
57 -93 -38 0
-269 96 -4 0
-66 -119 -270 0
-269 272 -222 0
25 -83 -56 0
21 251 70 0
146 -199 84 0
110 300 28 0
-182 -36 196 0
-154 -123 -43 0
297 -48 -204 0
-210 -214 105 0
-64 -140 206 0
-69 -5 93 0
74 -246 -132 0
-207 -85 16 0
-18 81 -102 0
-131 -300 -138 0
-226 -127 20 0
-207 36 -117 0
104 -209 -266 0
85 -224 119 0
-33 -14 22 0
178 -160 282 0
219 -272 -257 0
237 205 -70 0
-89 239 -4 0
-176 226 109 0
139 -81 -223 0
-139 -6 -138 0
-200 156 296 0
224 -97 -51 0
299 172 -213 0
99 264 220 0
191 32 257 0
-46 287 -179 0
-175 -184 104 0
-149 -105 -196 0
186 92 -56 0
294 262 -9 0
-87 -67 -54 0
157 -23 -260 0
107 247 -285 0
-208 260 221 0
25 266 174 0
219 164 -61 0
-254 -92 264 0
-284 179 -151 0
275 198 15 0
-124 16 229 0
-73 214 110 0
133 2 -102 0
191 76 58 0
-241 7 158 0
-95 -224 20 0
-94 -280 293 0
77 178 5 0
-237 -282 206 0
-99 -179 252 0
191 72 229 0
131 -284 -147 0
-168 -83 -227 0
-238 -257 103 0
283 141 -217 0
-8 84 22 0
-122 295 -239 0
1 -288 264 0
183 -49 -192 0
215 -96 -54 0
21 55 -72 0
-131 -237 -32 0
-208 -81 252 0
-297 218 -40 0
149 263 -231 0
271 290 48 0
-282 -69 4 0
18 83 160 0
75 190 5 0
214 -203 84 0
24 35 -77 0
-211 88 29 0
-65 169 -176 0
294 -209 -44 0
210 -243 227 0
-275 21 206 0
-59 -192 44 0
125 -130 56 0
141 102 53 0
-27 174 295 0
-136 150 121 0
168 155 -264 0
-210 244 35 0
248 112 -277 0
175 107 94 0
-18 -122 -209 0
-14 209 110 0
99 263 -110 0
24 -92 -112 0
187 244 -37 0
-31 72 -285 0
126 -256 15 0
-237 202 15 0
241 -255 58 0
-167 130 40 0
-186 263 99 0
149 -298 34 0
-217 -192 -166 0
-255 194 295 0
-188 -44 193 0
193 84 -162 0
-200 -194 -272 0
250 -14 136 0
287 291 177 0
111 -27 -123 0
-124 -160 109 0
-296 -278 28 0
30 -137 -22 0
-115 102 246 0
94 71 -67 0
244 -161 -233 0
25 71 252 0
8 237 285 0
-163 58 103 0
94 -14 44 0
250 166 29 0
-282 32 -79 0
80 -31 132 0
243 258 153 0
-140 -99 116 0
143 -96 292 0
-135 -266 -196 0
269 102 -145 0
-85 237 234 0
268 -166 -61 0
-184 37 -174 0
-107 -59 249 0
118 64 -84 0
268 -195 192 0
-26 -144 145 0
35 147 -204 0
-242 -44 -53 0
41 264 155 0
114 125 290 0
-24 -250 -245 0
-283 124 -180 0
46 92 155 0
-254 36 -9 0
-143 -76 67 0
-96 -278 199 0
-206 -83 -285 0
255 -283 -29 0
65 -175 -130 0
28 -13 -234 0
-71 -290 -17 0
-198 132 -11 0
184 78 289 0
-96 67 4 0
18 227 79 0
-47 73 19 0
8 -76 -61 0
-232 -105 -197 0
31 -101 -144 0
-283 -215 -70 0
80 9 -289 0
214 13 259 0
-91 -105 -124 0
-187 -100 227 0
283 -26 -145 0
-66 266 -110 0
-299 236 116 0
-159 10 -220 0
-287 60 -146 0
83 253 257 0
80 -59 58 0
-184 198 -234 0
2 107 -190 0
223 -201 -234 0
65 -272 -278 0
-208 185 158 0
189 -252 -249 0
81 291 15 0
-115 240 -201 0
-74 152 -265 0
-111 -262 102 0
25 12 97 0
-241 64 -229 0
200 76 -163 0
-57 246 37 0
163 33 -124 0
-112 108 -240 0
-123 174 -29 0
-294 61 -82 0
128 -236 196 0
108 -158 -56 0
-39 -230 -257 0
165 -263 91 0
-149 263 -261 0
-27 1 295 0
189 -186 174 0
271 -238 53 0
63 -59 162 0
-216 267 201 0
136 -148 -291 0
286 -52 261 0
-136 101 -109 0
-152 212 -55 0
174 -132 -234 0
-168 258 10 0
85 157 145 0
255 -80 124 0
-261 247 229 0
157 188 160 0
-195 250 157 0
-53 169 -201 0
-18 173 -221 0
-281 100 -220 0
-207 26 221 0
118 -24 98 0
-260 90 103 0
-184 -123 -220 0
258 -190 38 0
-283 -76 61 0
191 -97 58 0
-8 272 222 0
-161 237 -201 0
80 269 288 0
-257 -151 -289 0
-64 135 -36 0
225 88 232 0
-46 -141 -148 0
-242 140 28 0
-145 230 -103 0
-141 55 -110 0
-170 -221 -193 0
-126 -169 -276 0
-161 -188 -272 0
89 -75 201 0
156 -83 103 0
89 -176 -148 0
-216 -130 -91 0
287 134 -263 0
-127 265 -72 0
186 147 199 0
-157 -221 -53 0
187 172 -68 0
101 -51 276 0
-248 292 -58 0
21 -113 239 0
-290 -43 -30 0
100 57 4 0
26 -252 -156 0
-242 -211 202 0
-89 -101 23 0
36 -190 -197 0
249 -16 -296 0
50 -35 -199 0
-287 33 -69 0
-272 -203 277 0
192 -291 -260 0
287 -37 132 0
184 216 -156 0
255 -63 212 0
146 281 170 0
215 -203 277 0
-195 270 -187 0
163 -55 279 0
108 -3 -56 0
-184 19 16 0
199 221 -145 0
-74 -130 56 0
8 200 -59 0
-225 146 -14 0
-118 157 220 0
-287 -85 46 0
-115 -174 218 0
244 -221 296 0
-126 12 201 0
-250 -278 -253 0
35 -169 -5 0
-81 -214 192 0
33 95 -81 0
63 -94 -110 0
-20 203 -276 0
189 62 144 0
-133 -9 197 0
-1 232 -43 0
-255 -28 -18 0
119 -277 -222 0
131 -66 -3 0
-147 82 -228 0
207 -147 270 0
-275 -21 -108 0
154 36 224 0
254 -59 -54 0
-126 60 105 0
-107 -119 265 0
-1 -62 -10 0
36 37 -249 0
31 -221 -234 0
-200 -283 208 0
-215 174 181 0
-198 230 -129 0
277 179 -249 0
97 -23 -90 0
-210 17 -281 0
-147 124 291 0
287 35 -167 0
142 -9 22 0
192 43 -232 0
131 69 -22 0
217 -218 103 0
80 13 199 0
35 -106 138 0
274 -164 129 0
268 246 -134 0
2 95 236 0
73 62 -209 0
-112 189 -21 0
-149 -24 95 0
-184 82 34 0
-80 -280 -148 0
-297 92 10 0
208 -95 51 0
-48 -19 177 0
91 116 206 0
151 -11 -197 0
216 -202 -137 0
94 186 -81 0
-40 6 -285 0
182 -186 -276 0
-175 151 -121 0
111 -122 99 0
-152 45 -229 0
-134 -10 196 0
-73 -185 -39 0
205 -252 45 0
237 -188 -16 0
-26 -194 16 0
64 120 4 0
-294 -179 211 0
-107 -251 127 0
-65 212 -203 0
59 -251 20 0
269 -118 -277 0
225 -166 -144 0
-250 -224 57 0
27 -254 -44 0
269 -147 160 0
215 -16 -232 0
62 -49 -4 0
85 147 235 0
-213 141 -147 0
-268 97 11 0
-207 169 -105 0
-242 -62 -247 0
175 -298 247 0
104 -135 -188 0
-113 253 34 0
-268 -96 -11 0
-273 -165 239 0
299 -8 -205 0
258 -231 -227 0
-149 226 -75 0
-267 -102 155 0
-87 147 196 0
-24 -142 -199 0
-250 -23 -227 0
-175 157 -114 0
-27 -273 169 0
-18 258 39 0
214 -96 -260 0
-200 209 29 0
-167 127 15 0
-175 -129 228 0
24 -233 158 0
293 -8 -44 0
-2 -125 137 0
139 -250 -48 0
-140 122 210 0
-94 -170 6 0
87 41 -58 0
-244 -255 -167 0
-192 167 121 0
18 -246 -252 0
94 -262 -28 0
-60 -140 136 0
-207 36 -245 0
224 226 109 0
-202 165 110 0
-210 -67 39 0
-64 219 -180 0
131 156 230 0
-241 -136 162 0
62 -119 -82 0
-112 -198 -116 0
-27 81 240 0
-274 295 -155 0
-167 252 -204 0
104 -131 193 0
-117 -236 256 0
-215 216 252 0
-13 -224 -97 0
33 66 101 0
85 -143 162 0
87 -128 -194 0
186 -19 -57 0
-8 141 -67 0
45 -266 -109 0
-31 252 -296 0
65 172 -58 0
25 -18 240 0
150 33 -218 0
-244 -234 -5 0
-25 100 -94 0
-208 -42 -9 0
166 298 -116 0
23 -165 164 0
88 -70 235 0
-287 170 -67 0
126 74 92 0
-192 134 -184 0
221 -124 -197 0
-17 -160 277 0
-73 -211 131 0
207 -110 193 0
-87 267 196 0
-106 78 -243 0
-242 -44 -258 0
18 294 215 0
-33 -68 -289 0
-189 -273 -78 0
-85 -284 -194 0
-73 129 261 0
-216 292 48 0
-112 97 265 0
-19 -78 -28 0
-238 186 116 0
-266 251 165 0
50 -205 17 0
185 -110 -220 0
-210 -293 -207 0
-297 -87 122 0
-65 -119 -289 0
-184 204 56 0
165 -44 -4 0
-131 -23 127 0
-2 -87 -181 0
-26 -230 -180 0
-72 -160 261 0
-281 -36 68 0
-59 98 259 0
-87 66 -272 0
-149 241 -11 0
-287 -55 -155 0
8 -65 -246 0
87 210 -193 0
164 -202 -86 0
-294 -187 -151 0
131 281 157 0
-217 -166 72 0
282 5 20 0
-13 -32 181 0
62 188 -260 0
95 166 272 0
-255 167 202 0
-190 -90 285 0
-126 -118 -98 0
126 165 148 0
224 -262 4 0
-189 262 -203 0
36 286 181 0
-71 -59 115 0
-200 -66 -224 0
-154 95 -129 0
-107 -13 -132 0
-258 32 -79 0
-60 293 228 0
241 190 -201 0
-208 -224 114 0
269 -179 188 0
58 -21 32 0
113 284 -34 0
130 -157 -233 0
242 -262 206 0
-13 83 120 0
24 248 -50 0
-8 -17 -277 0
-248 -98 -243 0
100 -23 10 0
98 -58 -264 0
118 248 -291 0
-47 -97 54 0
-2 -33 92 0
-142 21 -95 0
-66 -184 -38 0
35 135 243 0
-146 -253 201 0
118 -254 155 0
-71 -187 -75 0
-122 -98 61 0
-229 -231 110 0
-225 -221 253 0
254 -196 215 0
154 -104 -246 0
182 -92 -105 0
104 -36 75 0
-64 35 14 0
166 -226 77 0
-6 218 15 0
176 280 125 0
14 260 53 0
25 -111 127 0
182 263 10 0
-242 -195 194 0
-237 -291 252 0
177 249 93 0
176 -141 -177 0
-62 -88 127 0
182 125 253 0
-73 254 -251 0
-217 -9 -137 0
144 -278 -45 0
-215 -120 279 0
207 -202 -196 0
-26 -137 -110 0
-85 -96 165 0
-63 -153 -52 0
-122 69 90 0
90 174 -285 0
-300 119 -20 0
-192 -208 -291 0
-238 167 251 0
-41 4 -253 0
239 11 220 0
-155 -91 158 0
37 -259 -249 0
241 126 -193 0
-120 -214 -102 0
25 -212 -57 0
-161 57 127 0
65 -88 -45 0
131 -134 155 0
-60 -89 90 0
98 -285 40 0
191 -246 -101 0
98 -212 -70 0
-238 100 4 0
-212 20 -4 0
168 -21 -266 0
269 69 -158 0
-275 267 251 0
-152 -196 43 0
274 -69 -19 0
66 55 23 0
43 -193 -234 0
-176 134 222 0
173 166 206 0
294 165 -155 0
179 -291 43 0
-251 2 -233 0
208 -172 -16 0
-237 -214 102 0
-189 -17 -256 0
60 216 -145 0
-297 -99 -142 0
189 -184 -254 0
271 119 213 0
-120 148 -229 0
106 -134 39 0
-96 105 153 0
-100 -114 54 0
176 -120 43 0
-281 57 151 0
-99 130 -181 0
270 -92 -257 0
126 191 -6 0
187 -235 -79 0
124 9 86 0
-270 264 54 0
-194 266 -295 0
294 -116 177 0
64 199 -70 0
156 266 116 0
-59 -275 -32 0
63 144 -222 0
186 250 109 0
154 256 -240 0
92 -93 -67 0
107 -25 239 0
59 -73 -235 0
-12 -81 295 0
-41 -114 -171 0
275 -298 -189 0
112 281 -227 0
47 -146 -288 0
254 189 -214 0
112 82 196 0
-188 -11 34 0
-287 198 144 0
-254 95 -105 0
39 -207 138 0
-111 126 -231 0
271 11 266 0
-25 -93 16 0
143 -76 -258 0
-59 -137 -68 0
-126 -100 -86 0
19 -49 228 0
-33 -142 183 0
-273 47 15 0
216 -209 -160 0
104 219 -158 0
-281 -273 -22 0
275 -137 -32 0
191 212 -227 0
139 -68 162 0
118 202 -39 0
187 -214 251 0
189 102 86 0
-88 259 -289 0
-238 -19 -197 0
6 5 -231 0
255 -66 -149 0
176 -187 -192 0
128 191 184 0
219 166 -11 0
140 286 231 0
-46 222 121 0
-217 65 260 0
198 -106 -3 0
-8 -105 86 0
-207 37 -202 0
146 280 -181 0
128 159 244 0
166 183 257 0
-99 -290 265 0
25 -298 -268 0
258 -20 121 0
194 -205 -86 0
-237 262 250 0
-182 -280 172 0
-118 -124 15 0
-64 -232 -240 0
207 -292 -247 0
-267 278 56 0
-89 -161 197 0
-210 95 172 0
-281 130 -134 0
225 -267 -92 0
-21 177 3 0
-76 -144 -296 0
-261 173 -277 0
-119 -55 -121 0
241 -89 83 0
-297 -112 153 0
-18 -6 10 0
-59 -137 -263 0
-273 224 79 0
287 -78 22 0
-47 -185 253 0
-71 -254 -235 0
-219 195 294 0
1 -170 124 0
126 -290 127 0
184 11 16 0
-143 -212 15 0
-273 -271 -23 0
-238 19 -90 0
-18 234 29 0
-99 88 -180 0
91 -266 48 0
141 -274 191 0
216 284 54 0
-202 130 193 0
238 -166 -145 0
118 45 180 0
-263 -180 -134 0
215 -225 294 0
65 -243 -183 0
286 -88 3 0
128 8 -193 0
65 21 -242 0
-76 69 -270 0
89 62 152 0
25 146 171 0
-134 278 -295 0
273 -169 -182 0
-104 -299 206 0
250 -14 257 0
192 203 -28 0
-163 237 185 0
-157 295 240 0
287 -147 -275 0
215 -194 235 0
-293 144 -278 0
-181 -100 -279 0
65 -11 -229 0
98 17 -9 0
41 -96 -20 0
24 179 293 0
209 -266 -158 0
-17 -109 229 0
-135 44 -58 0
-113 50 193 0
-66 21 -10 0
-14 -142 -17 0
280 124 -129 0
-299 14 161 0
-18 -125 285 0
-132 146 -266 0
238 237 199 0
-241 211 266 0
-275 -291 -43 0
289 233 171 0
-89 251 -8 0
-118 124 -88 0
-98 -102 -9 0
140 170 163 0
63 270 70 0
139 -169 -144 0
65 46 -144 0
113 -13 180 0
-126 17 263 0
100 21 -245 0
-107 146 164 0
-139 -142 58 0
-299 -276 28 0
-217 274 -137 0
-33 -146 -43 0
273 80 9 0
73 194 67 0
260 -130 202 0
-112 91 84 0
-178 231 -4 0
-282 -123 -70 0
192 -292 -220 0
-85 -35 291 0
42 121 256 0
-62 -263 204 0
80 -163 -221 0
-241 -294 -178 0
78 -113 164 0
154 -245 -239 0
46 -105 -196 0
-21 -235 93 0
41 -190 238 0
-133 275 208 0
122 272 249 0
26 -293 82 0
-36 -282 -253 0
-207 224 152 0
85 294 257 0
-146 57 235 0
45 31 -206 0
-126 -219 114 0
-76 -12 62 0
89 -181 -32 0
133 179 -234 0
-202 -106 54 0
-149 -87 -276 0
-186 197 222 0
61 -205 153 0
-246 211 293 0
190 -277 48 0
200 -16 -51 0
-182 -116 -266 0
-195 -184 244 0
275 -209 92 0
190 -55 -289 0
-83 -136 3 0
58 -299 -103 0
117 -26 191 0
241 156 261 0
156 286 -56 0
-298 51 171 0
106 222 235 0
214 166 -16 0
81 -272 56 0
275 179 -58 0
-170 -105 28 0
269 -99 211 0
-198 208 -158 0
8 -180 232 0
-198 113 34 0
-262 266 20 0
199 56 -134 0
-244 -18 127 0
-184 179 -232 0
-140 141 -272 0
278 -40 -30 0
279 233 -272 0
60 -230 -121 0
-259 113 -202 0
252 -129 -45 0
-142 202 -264 0
-184 -135 137 0
-278 188 229 0
24 -178 -166 0
23 -263 -234 0
191 -202 -40 0
57 -279 79 0
-25 -81 10 0
252 -278 39 0
287 -208 -113 0
-168 300 -285 0
-98 161 123 0
-168 167 -112 0
-14 88 -239 0
294 288 -10 0
59 174 -265 0
25 -195 90 0
-254 212 216 0
-255 -212 -95 0
-157 -130 -240 0
294 225 244 0
215 237 77 0
-37 124 276 0
-163 258 -254 0
-189 -121 158 0
-255 -50 110 0
-122 17 -167 0
59 287 43 0
89 -143 178 0
-242 109 22 0
117 -76 42 0
-251 280 226 0
131 -212 158 0
-1 -286 137 0
-152 243 221 0
254 12 -219 0
-73 -140 21 0
-161 296 171 0
-149 -127 -245 0
-149 1 116 0
131 89 -241 0
-159 90 177 0
91 127 -229 0
172 61 277 0
-36 -257 68 0
-182 275 26 0
85 129 -30 0
217 -164 56 0
107 19 196 0
-216 208 -236 0
-143 216 -13 0
-163 205 -239 0
267 -252 153 0
-87 218 -3 0
200 -14 -115 0
-57 184 193 0
125 -20 279 0
-131 -257 -58 0
-212 259 257 0
111 81 -137 0
-98 -202 -240 0
-267 290 39 0
36 72 56 0
195 -269 -138 0
59 -185 166 0
25 263 222 0